2.400 -0.600 0.000 0.100
2.410 -0.600 0.052 0.100
2.420 -0.600 0.105 0.100
2.430 -0.600 0.157 0.100
2.440 -0.600 0.209 0.100
2.450 -0.600 0.262 0.100
2.460 -0.595 0.314 0.100
2.470 -0.590 0.367 0.100
2.480 -0.585 0.419 0.100
2.490 -0.580 0.471 0.100
2.500 -0.575 0.524 0.100
2.510 -0.570 0.576 0.100
2.520 -0.565 0.628 0.100
2.530 -0.560 0.681 0.100
2.540 -0.555 0.733 0.100
2.545 -0.550 0.785 0.100
2.550 -0.545 0.838 0.100
2.555 -0.535 0.890 0.100
2.560 -0.525 0.838 0.100
2.565 -0.520 0.785 0.100
2.570 -0.515 0.733 0.100
2.580 -0.510 0.681 0.100
2.590 -0.505 0.628 0.100
2.600 -0.500 0.576 0.100
2.610 -0.495 0.524 0.100
2.620 -0.490 0.471 0.100
2.630 -0.485 0.419 0.100
2.640 -0.480 0.367 0.100
2.650 -0.475 0.314 0.100
2.660 -0.470 0.262 0.100
2.670 -0.465 0.262 0.100
2.680 -0.460 0.262 0.100
2.690 -0.455 0.262 0.100
2.700 -0.450 0.262 0.100
2.710 -0.445 0.262 0.100
2.720 -0.440 0.262 0.100
2.730 -0.435 0.262 0.100
2.740 -0.430 0.262 0.100
2.750 -0.425 0.262 0.100
2.760 -0.420 0.262 0.100
2.770 -0.415 0.262 0.100
2.780 -0.410 0.262 0.100
2.790 -0.405 0.262 0.100
2.800 -0.400 0.262 0.100
2.810 -0.395 0.262 0.100
2.820 -0.390 0.262 0.100
2.830 -0.385 0.262 0.100
2.840 -0.380 0.262 0.100
2.850 -0.375 0.262 0.100
2.860 -0.370 0.262 0.100
2.870 -0.365 0.262 0.100
2.880 -0.360 0.262 0.100
2.890 -0.355 0.262 0.100
2.900 -0.350 0.262 0.100
2.910 -0.345 0.262 0.100
2.920 -0.340 0.262 0.100
2.930 -0.335 0.262 0.100
2.940 -0.330 0.262 0.100
2.950 -0.325 0.262 0.100
2.960 -0.320 0.262 0.100
2.970 -0.315 0.262 0.100
2.980 -0.310 0.262 0.100
2.990 -0.305 0.262 0.100
3.000 -0.300 0.262 0.100
3.010 -0.295 0.262 0.100
3.020 -0.290 0.262 0.100
3.030 -0.285 0.262 0.100
3.040 -0.280 0.262 0.100
3.050 -0.275 0.262 0.100
3.060 -0.270 0.262 0.100
3.070 -0.265 0.262 0.100
3.080 -0.260 0.262 0.100
3.090 -0.255 0.262 0.100
3.100 -0.250 0.262 0.100
3.110 -0.245 0.262 0.100
3.120 -0.240 0.262 0.100
3.130 -0.235 0.262 0.100
3.140 -0.230 0.262 0.100
3.150 -0.225 0.262 0.100
3.160 -0.220 0.262 0.100
3.170 -0.215 0.262 0.100
3.180 -0.210 0.262 0.100
3.190 -0.205 0.262 0.100
3.200 -0.200 0.262 0.100
3.210 -0.195 0.262 0.100
3.220 -0.190 0.262 0.100
3.230 -0.185 0.262 0.100
3.240 -0.180 0.262 0.100
3.250 -0.175 0.262 0.100
3.260 -0.170 0.262 0.100
3.270 -0.165 0.262 0.100
3.280 -0.160 0.262 0.100
3.290 -0.155 0.262 0.100
3.300 -0.150 0.262 0.100
3.310 -0.145 0.262 0.100
3.320 -0.140 0.262 0.100
3.330 -0.135 0.262 0.100
3.340 -0.130 0.262 0.100
3.350 -0.125 0.262 0.100
3.360 -0.120 0.262 0.100
3.370 -0.115 0.262 0.100
3.380 -0.110 0.262 0.100
3.390 -0.105 0.262 0.100
3.400 -0.100 0.262 0.100
3.410 -0.095 0.262 0.100
3.420 -0.090 0.262 0.100
3.430 -0.085 0.262 0.100
3.440 -0.080 0.262 0.100
3.450 -0.075 0.262 0.100
3.460 -0.070 0.262 0.100
3.470 -0.065 0.262 0.100
3.480 -0.060 0.262 0.100
3.490 -0.055 0.262 0.100
3.500 -0.050 0.262 0.100
3.510 -0.045 0.262 0.100
3.520 -0.040 0.262 0.100
3.530 -0.035 0.262 0.100
3.540 -0.030 0.262 0.100
3.550 -0.025 0.262 0.100
3.560 -0.020 0.314 0.100
3.570 -0.015 0.367 0.100
3.580 -0.010 0.419 0.100
3.590 -0.005 0.471 0.100
3.600 0.000 0.524 0.100
