4.800 -0.600 -0.100 0.000
4.790 -0.600 -0.100 0.005
4.780 -0.600 -0.099 0.010
4.770 -0.600 -0.099 0.016
4.760 -0.600 -0.098 0.021
4.750 -0.600 -0.097 0.026
4.740 -0.595 -0.095 0.031
4.730 -0.590 -0.093 0.036
4.720 -0.585 -0.091 0.041
4.710 -0.580 -0.089 0.045
4.700 -0.575 -0.087 0.050
4.690 -0.570 -0.084 0.054
4.680 -0.565 -0.081 0.059
4.670 -0.560 -0.078 0.063
4.660 -0.555 -0.078 0.063
4.650 -0.550 -0.074 0.067
4.640 -0.545 -0.078 0.063
4.630 -0.540 -0.074 0.067
4.620 -0.535 -0.078 0.063
4.610 -0.530 -0.074 0.067
4.600 -0.525 -0.078 0.063
4.590 -0.520 -0.074 0.067
4.580 -0.515 -0.078 0.063
4.570 -0.510 -0.074 0.067
4.560 -0.505 -0.078 0.063
4.550 -0.500 -0.074 0.067
4.540 -0.495 -0.078 0.063
4.530 -0.490 -0.074 0.067
4.520 -0.485 -0.078 0.063
4.510 -0.480 -0.074 0.067
4.500 -0.475 -0.078 0.063
4.490 -0.470 -0.074 0.067
4.480 -0.465 -0.078 0.063
4.470 -0.460 -0.074 0.067
4.460 -0.455 -0.078 0.063
4.450 -0.450 -0.074 0.067
4.440 -0.445 -0.078 0.063
4.430 -0.440 -0.074 0.067
4.420 -0.435 -0.078 0.063
4.410 -0.430 -0.074 0.067
4.400 -0.425 -0.078 0.063
4.390 -0.420 -0.074 0.067
4.380 -0.415 -0.078 0.063
4.370 -0.410 -0.074 0.067
4.360 -0.405 -0.078 0.063
4.350 -0.400 -0.074 0.067
4.340 -0.395 -0.078 0.063
4.330 -0.390 -0.074 0.067
4.320 -0.385 -0.078 0.063
4.310 -0.380 -0.074 0.067
4.300 -0.375 -0.078 0.063
4.290 -0.370 -0.074 0.067
4.280 -0.365 -0.078 0.063
4.270 -0.360 -0.074 0.067
4.260 -0.355 -0.078 0.063
4.250 -0.350 -0.074 0.067
4.240 -0.345 -0.078 0.063
4.230 -0.340 -0.074 0.067
4.220 -0.335 -0.078 0.063
4.210 -0.330 -0.074 0.067
4.200 -0.325 -0.078 0.063
4.190 -0.320 -0.074 0.067
4.180 -0.315 -0.078 0.063
4.170 -0.310 -0.074 0.067
4.160 -0.305 -0.078 0.063
4.150 -0.300 -0.074 0.067
4.140 -0.295 -0.078 0.063
4.130 -0.290 -0.074 0.067
4.120 -0.285 -0.078 0.063
4.110 -0.280 -0.074 0.067
4.100 -0.275 -0.078 0.063
4.090 -0.270 -0.074 0.067
4.080 -0.265 -0.078 0.063
4.070 -0.260 -0.074 0.067
4.060 -0.255 -0.078 0.063
4.050 -0.250 -0.074 0.067
4.040 -0.245 -0.078 0.063
4.030 -0.240 -0.074 0.067
4.020 -0.235 -0.078 0.063
4.010 -0.230 -0.074 0.067
4.000 -0.225 -0.078 0.063
3.990 -0.220 -0.074 0.067
3.980 -0.215 -0.078 0.063
3.970 -0.210 -0.074 0.067
3.960 -0.205 -0.078 0.063
3.950 -0.200 -0.074 0.067
3.940 -0.195 -0.078 0.063
3.930 -0.190 -0.074 0.067
3.920 -0.185 -0.078 0.063
3.910 -0.180 -0.074 0.067
3.900 -0.175 -0.078 0.063
3.890 -0.170 -0.074 0.067
3.880 -0.165 -0.078 0.063
3.870 -0.160 -0.074 0.067
3.860 -0.155 -0.078 0.063
3.850 -0.150 -0.074 0.067
3.840 -0.145 -0.078 0.063
3.830 -0.140 -0.074 0.067
3.820 -0.135 -0.078 0.063
3.810 -0.130 -0.074 0.067
3.800 -0.125 -0.078 0.063
3.790 -0.120 -0.074 0.067
3.780 -0.115 -0.078 0.063
3.770 -0.110 -0.074 0.067
3.760 -0.105 -0.078 0.063
3.750 -0.100 -0.074 0.067
3.740 -0.095 -0.078 0.063
3.730 -0.090 -0.074 0.067
3.720 -0.085 -0.078 0.063
3.710 -0.080 -0.074 0.067
3.700 -0.075 -0.078 0.063
3.690 -0.070 -0.074 0.067
3.680 -0.065 -0.078 0.063
3.670 -0.060 -0.074 0.067
3.665 -0.055 -0.071 0.071
3.660 -0.050 -0.067 0.074
3.655 -0.040 -0.063 0.078
3.650 -0.030 -0.067 0.074
3.645 -0.025 -0.071 0.071
3.640 -0.020 -0.074 0.067
3.630 -0.015 -0.078 0.063
3.620 -0.010 -0.081 0.059
3.610 -0.005 -0.084 0.054
3.600 0.000 -0.087 0.050
