4.800 0.600 0.000 0.100
4.810 0.600 0.000 0.100
4.800 0.600 6.231 0.100
4.810 0.600 6.178 0.100
4.820 0.600 6.126 0.100
4.830 0.600 6.074 0.100
4.840 0.600 6.021 0.100
4.850 0.595 5.969 0.100
4.860 0.590 5.917 0.100
4.870 0.585 5.864 0.100
4.880 0.580 5.812 0.100
4.890 0.575 5.760 0.100
4.900 0.570 5.707 0.100
4.910 0.565 5.655 0.100
4.920 0.560 5.603 0.100
4.930 0.555 5.603 0.100
4.940 0.550 5.550 0.100
4.950 0.545 5.603 0.100
4.960 0.540 5.550 0.100
4.970 0.535 5.603 0.100
4.980 0.530 5.550 0.100
4.990 0.525 5.603 0.100
5.000 0.520 5.550 0.100
5.010 0.515 5.603 0.100
5.020 0.510 5.550 0.100
5.030 0.505 5.603 0.100
5.040 0.500 5.550 0.100
5.050 0.495 5.603 0.100
5.060 0.490 5.550 0.100
5.070 0.485 5.603 0.100
5.080 0.480 5.550 0.100
5.090 0.475 5.603 0.100
5.100 0.470 5.550 0.100
5.110 0.465 5.603 0.100
5.120 0.460 5.550 0.100
5.130 0.455 5.603 0.100
5.140 0.450 5.550 0.100
5.150 0.445 5.603 0.100
5.160 0.440 5.550 0.100
5.170 0.435 5.603 0.100
5.180 0.430 5.550 0.100
5.190 0.425 5.603 0.100
5.200 0.420 5.550 0.100
5.210 0.415 5.603 0.100
5.220 0.410 5.550 0.100
5.225 0.405 5.498 0.100
5.230 0.400 5.445 0.100
5.235 0.390 5.393 0.100
5.240 0.380 5.341 0.100
5.245 0.370 5.288 0.100
5.250 0.360 5.236 0.100
5.255 0.350 5.184 0.100
5.260 0.340 5.131 0.100
5.265 0.330 5.079 0.100
5.270 0.320 5.027 0.100
5.275 0.310 4.974 0.100
5.280 0.300 4.974 0.100
5.285 0.290 4.974 0.100
5.290 0.280 4.974 0.100
5.295 0.270 4.974 0.100
5.300 0.260 4.974 0.100
5.305 0.250 4.974 0.100
5.310 0.240 4.974 0.100
5.315 0.230 4.974 0.100
5.320 0.220 4.974 0.100
5.325 0.210 4.974 0.100
5.330 0.200 4.974 0.100
5.335 0.190 4.974 0.100
5.340 0.180 4.974 0.100
5.345 0.170 4.974 0.100
5.350 0.160 4.974 0.100
5.355 0.150 4.974 0.100
5.360 0.140 4.974 0.100
5.365 0.130 4.974 0.100
5.370 0.120 4.974 0.100
5.375 0.110 4.974 0.100
5.380 0.100 4.974 0.100
5.385 0.090 4.974 0.100
5.390 0.080 4.974 0.100
5.395 0.070 4.974 0.100
5.400 0.060 4.974 0.100
5.400 0.050 4.922 0.100
5.400 0.040 4.869 0.100
5.400 0.030 4.817 0.100
5.400 0.020 4.765 0.100
5.400 0.010 4.712 0.100
5.400 0.000 4.712 0.100
