5.400 0.000 4.712 0.100
5.400 -0.010 4.660 0.100
5.400 -0.020 4.608 0.100
5.400 -0.030 4.555 0.100
5.400 -0.040 4.503 0.100
5.400 -0.050 4.451 0.100
5.395 -0.060 4.398 0.100
5.390 -0.070 4.346 0.100
5.385 -0.080 4.294 0.100
5.380 -0.090 4.241 0.100
5.375 -0.100 4.189 0.100
5.370 -0.110 4.136 0.100
5.365 -0.120 4.084 0.100
5.360 -0.130 4.032 0.100
5.355 -0.140 4.032 0.100
5.350 -0.150 3.979 0.100
5.345 -0.160 4.032 0.100
5.340 -0.170 3.979 0.100
5.335 -0.180 4.032 0.100
5.330 -0.190 3.979 0.100
5.325 -0.200 4.032 0.100
5.320 -0.210 3.979 0.100
5.315 -0.220 4.032 0.100
5.310 -0.230 3.979 0.100
5.305 -0.240 4.032 0.100
5.300 -0.250 3.979 0.100
5.295 -0.260 4.032 0.100
5.290 -0.270 3.979 0.100
5.285 -0.280 4.032 0.100
5.280 -0.290 3.979 0.100
5.275 -0.300 4.032 0.100
5.270 -0.310 3.979 0.100
5.265 -0.320 4.032 0.100
5.260 -0.330 3.979 0.100
5.255 -0.340 4.032 0.100
5.250 -0.350 3.979 0.100
5.245 -0.360 4.032 0.100
5.240 -0.370 3.979 0.100
5.235 -0.380 4.032 0.100
5.230 -0.390 3.979 0.100
5.225 -0.400 4.032 0.100
5.220 -0.410 3.979 0.100
5.215 -0.415 3.927 0.100
5.210 -0.420 3.875 0.100
5.200 -0.425 3.822 0.100
5.190 -0.430 3.770 0.100
5.180 -0.435 3.718 0.100
5.170 -0.440 3.665 0.100
5.160 -0.445 3.613 0.100
5.150 -0.450 3.560 0.100
5.140 -0.455 3.508 0.100
5.130 -0.460 3.456 0.100
5.120 -0.465 3.403 0.100
5.110 -0.470 3.403 0.100
5.100 -0.475 3.403 0.100
5.090 -0.480 3.403 0.100
5.080 -0.485 3.403 0.100
5.070 -0.490 3.403 0.100
5.060 -0.495 3.403 0.100
5.050 -0.500 3.403 0.100
5.040 -0.505 3.403 0.100
5.030 -0.510 3.403 0.100
5.020 -0.515 3.403 0.100
5.010 -0.520 3.403 0.100
5.000 -0.525 3.403 0.100
4.990 -0.530 3.403 0.100
4.980 -0.535 3.403 0.100
4.970 -0.540 3.403 0.100
4.960 -0.545 3.403 0.100
4.950 -0.550 3.403 0.100
4.940 -0.555 3.403 0.100
4.930 -0.560 3.403 0.100
4.920 -0.565 3.403 0.100
4.910 -0.570 3.403 0.100
4.900 -0.575 3.403 0.100
4.890 -0.580 3.403 0.100
4.880 -0.585 3.403 0.100
4.870 -0.590 3.403 0.100
4.860 -0.595 3.403 0.100
4.850 -0.600 3.403 0.100
4.840 -0.600 3.351 0.100
4.830 -0.600 3.299 0.100
4.820 -0.600 3.246 0.100
4.810 -0.600 3.194 0.100
4.800 -0.600 3.142 0.100
