0.000 0.000 0.100 0.000
0.010 0.000 0.100 0.005
0.020 0.000 0.099 0.010
0.030 0.002 0.099 0.016
0.040 0.005 0.098 0.021
0.050 0.008 0.097 0.026
0.060 0.010 0.095 0.031
0.070 0.012 0.093 0.036
0.080 0.018 0.091 0.041
0.090 0.022 0.089 0.045
0.100 0.028 0.087 0.050
0.107 0.032 0.084 0.054
0.115 0.038 0.081 0.059
0.123 0.042 0.078 0.063
0.130 0.050 0.078 0.063
0.137 0.058 0.078 0.063
0.145 0.065 0.078 0.063
0.153 0.073 0.078 0.063
0.160 0.080 0.078 0.063
0.168 0.088 0.078 0.063
0.175 0.095 0.078 0.063
0.183 0.103 0.078 0.063
0.190 0.110 0.078 0.063
0.198 0.117 0.078 0.063
0.205 0.125 0.078 0.063
0.213 0.133 0.078 0.063
0.220 0.140 0.078 0.063
0.228 0.147 0.078 0.063
0.235 0.155 0.078 0.063
0.242 0.163 0.078 0.063
0.250 0.170 0.078 0.063
0.258 0.177 0.078 0.063
0.265 0.185 0.078 0.063
0.272 0.193 0.078 0.063
0.280 0.200 0.078 0.063
0.288 0.208 0.078 0.063
0.295 0.215 0.078 0.063
0.302 0.222 0.078 0.063
0.310 0.230 0.078 0.063
0.318 0.238 0.078 0.063
0.325 0.245 0.078 0.063
0.333 0.252 0.078 0.063
0.340 0.260 0.078 0.063
0.347 0.268 0.078 0.063
0.355 0.275 0.078 0.063
0.363 0.282 0.078 0.063
0.370 0.290 0.078 0.063
0.377 0.298 0.078 0.063
0.385 0.305 0.078 0.063
0.393 0.312 0.078 0.063
0.400 0.320 0.078 0.063
0.407 0.328 0.078 0.063
0.415 0.333 0.081 0.059
0.423 0.338 0.084 0.054
0.430 0.343 0.087 0.050
0.440 0.347 0.089 0.045
0.450 0.353 0.091 0.041
0.460 0.357 0.093 0.036
0.470 0.363 0.091 0.041
0.480 0.367 0.093 0.036
0.490 0.373 0.091 0.041
0.500 0.377 0.093 0.036
0.510 0.383 0.091 0.041
0.520 0.387 0.093 0.036
0.530 0.390 0.095 0.031
0.540 0.393 0.097 0.026
0.550 0.395 0.098 0.021
0.560 0.397 0.099 0.016
0.570 0.400 0.099 0.010
0.580 0.400 0.100 0.005
0.590 0.400 0.100 0.000
0.600 0.400 0.100 0.000
