2.400 0.600 3.142 0.100
2.390 0.600 3.194 0.100
2.380 0.600 3.246 0.100
2.370 0.600 3.299 0.100
2.360 0.600 3.351 0.100
2.350 0.600 3.403 0.100
2.340 0.595 3.403 0.100
2.330 0.590 3.403 0.100
2.320 0.585 3.403 0.100
2.310 0.580 3.403 0.100
2.300 0.575 3.403 0.100
2.290 0.570 3.403 0.100
2.280 0.565 3.403 0.100
2.270 0.560 3.403 0.100
2.260 0.555 3.403 0.100
2.250 0.550 3.403 0.100
2.240 0.545 3.403 0.100
2.230 0.540 3.403 0.100
2.220 0.535 3.403 0.100
2.210 0.530 3.403 0.100
2.200 0.525 3.403 0.100
2.190 0.520 3.403 0.100
2.180 0.515 3.403 0.100
2.170 0.510 3.403 0.100
2.160 0.505 3.403 0.100
2.150 0.500 3.403 0.100
2.140 0.495 3.403 0.100
2.130 0.490 3.403 0.100
2.120 0.485 3.403 0.100
2.110 0.480 3.403 0.100
2.100 0.475 3.403 0.100
2.090 0.470 3.403 0.100
2.080 0.465 3.403 0.100
2.070 0.460 3.456 0.100
2.060 0.455 3.508 0.100
2.050 0.450 3.560 0.100
2.040 0.445 3.613 0.100
2.030 0.440 3.665 0.100
2.020 0.435 3.718 0.100
2.010 0.430 3.770 0.100
2.000 0.425 3.822 0.100
1.990 0.420 3.875 0.100
1.985 0.415 3.927 0.100
1.980 0.410 3.979 0.100
1.975 0.400 4.032 0.100
1.970 0.390 4.032 0.100
1.965 0.380 3.979 0.100
1.960 0.370 4.032 0.100
1.955 0.360 3.979 0.100
1.950 0.350 4.032 0.100
1.945 0.340 3.979 0.100
1.940 0.330 4.032 0.100
1.935 0.320 3.979 0.100
1.930 0.310 4.032 0.100
1.925 0.300 3.979 0.100
1.920 0.290 4.032 0.100
1.915 0.280 3.979 0.100
1.910 0.270 4.032 0.100
1.905 0.260 3.979 0.100
1.900 0.250 4.032 0.100
1.895 0.240 3.979 0.100
1.890 0.230 4.032 0.100
1.885 0.220 3.979 0.100
1.880 0.210 4.032 0.100
1.875 0.200 3.979 0.100
1.870 0.190 4.032 0.100
1.865 0.180 3.979 0.100
1.860 0.170 4.032 0.100
1.855 0.160 3.979 0.100
1.850 0.150 4.032 0.100
1.845 0.140 3.979 0.100
1.840 0.130 4.032 0.100
1.835 0.120 4.084 0.100
1.830 0.110 4.136 0.100
1.825 0.100 4.189 0.100
1.820 0.090 4.241 0.100
1.815 0.080 4.294 0.100
1.810 0.070 4.346 0.100
1.805 0.060 4.398 0.100
1.800 0.050 4.451 0.100
1.800 0.040 4.503 0.100
1.800 0.030 4.555 0.100
1.800 0.020 4.608 0.100
1.800 0.010 4.660 0.100
1.800 0.000 4.712 0.100
