3.600 0.000 2.618 0.100
3.590 0.005 2.566 0.100
3.580 0.010 2.513 0.100
3.570 0.015 2.461 0.100
3.560 0.020 2.461 0.100
3.550 0.025 2.409 0.100
3.540 0.030 2.461 0.100
3.530 0.035 2.409 0.100
3.520 0.040 2.461 0.100
3.510 0.045 2.409 0.100
3.500 0.050 2.461 0.100
3.490 0.055 2.409 0.100
3.480 0.060 2.461 0.100
3.470 0.065 2.409 0.100
3.460 0.070 2.461 0.100
3.450 0.075 2.409 0.100
3.440 0.080 2.461 0.100
3.430 0.085 2.409 0.100
3.420 0.090 2.461 0.100
3.410 0.095 2.409 0.100
3.400 0.100 2.461 0.100
3.390 0.105 2.409 0.100
3.380 0.110 2.461 0.100
3.370 0.115 2.409 0.100
3.360 0.120 2.461 0.100
3.350 0.125 2.409 0.100
3.340 0.130 2.461 0.100
3.330 0.135 2.409 0.100
3.320 0.140 2.461 0.100
3.310 0.145 2.409 0.100
3.300 0.150 2.461 0.100
3.290 0.155 2.409 0.100
3.280 0.160 2.461 0.100
3.270 0.165 2.409 0.100
3.260 0.170 2.461 0.100
3.250 0.175 2.409 0.100
3.240 0.180 2.461 0.100
3.230 0.185 2.409 0.100
3.220 0.190 2.461 0.100
3.210 0.195 2.409 0.100
3.200 0.200 2.461 0.100
3.190 0.205 2.409 0.100
3.180 0.210 2.461 0.100
3.170 0.215 2.409 0.100
3.160 0.220 2.461 0.100
3.150 0.225 2.409 0.100
3.140 0.230 2.461 0.100
3.130 0.235 2.409 0.100
3.120 0.240 2.461 0.100
3.110 0.245 2.409 0.100
3.100 0.250 2.461 0.100
3.090 0.255 2.409 0.100
3.080 0.260 2.461 0.100
3.070 0.265 2.409 0.100
3.060 0.270 2.461 0.100
3.050 0.275 2.409 0.100
3.040 0.280 2.461 0.100
3.030 0.285 2.409 0.100
3.020 0.290 2.461 0.100
3.010 0.295 2.409 0.100
3.000 0.300 2.461 0.100
2.990 0.305 2.409 0.100
2.980 0.310 2.461 0.100
2.970 0.315 2.409 0.100
2.960 0.320 2.461 0.100
2.950 0.325 2.409 0.100
2.940 0.330 2.461 0.100
2.930 0.335 2.409 0.100
2.920 0.340 2.461 0.100
2.910 0.345 2.409 0.100
2.900 0.350 2.461 0.100
2.890 0.355 2.409 0.100
2.880 0.360 2.461 0.100
2.870 0.365 2.409 0.100
2.860 0.370 2.461 0.100
2.850 0.375 2.409 0.100
2.840 0.380 2.461 0.100
2.830 0.385 2.409 0.100
2.820 0.390 2.461 0.100
2.810 0.395 2.409 0.100
2.800 0.400 2.461 0.100
2.790 0.405 2.409 0.100
2.780 0.410 2.461 0.100
2.770 0.415 2.409 0.100
2.760 0.420 2.461 0.100
2.750 0.425 2.409 0.100
2.740 0.430 2.461 0.100
2.730 0.435 2.409 0.100
2.720 0.440 2.461 0.100
2.710 0.445 2.409 0.100
2.700 0.450 2.461 0.100
2.690 0.455 2.409 0.100
2.680 0.460 2.461 0.100
2.670 0.465 2.409 0.100
2.660 0.470 2.461 0.100
2.650 0.475 2.409 0.100
2.640 0.480 2.461 0.100
2.630 0.485 2.409 0.100
2.620 0.490 2.461 0.100
2.610 0.495 2.409 0.100
2.600 0.500 2.461 0.100
2.590 0.505 2.409 0.100
2.580 0.510 2.461 0.100
2.570 0.515 2.409 0.100
2.565 0.520 2.356 0.100
2.560 0.525 2.304 0.100
2.555 0.535 2.251 0.100
2.550 0.545 2.304 0.100
2.545 0.550 2.356 0.100
2.540 0.555 2.409 0.100
2.530 0.560 2.461 0.100
2.520 0.565 2.513 0.100
2.510 0.570 2.566 0.100
2.500 0.575 2.618 0.100
2.490 0.580 2.670 0.100
2.480 0.585 2.723 0.100
2.470 0.590 2.775 0.100
2.460 0.595 2.827 0.100
2.450 0.600 2.880 0.100
2.440 0.600 2.932 0.100
2.430 0.600 2.985 0.100
2.420 0.600 3.037 0.100
2.410 0.600 3.089 0.100
2.400 0.600 3.142 0.100
