2.400 -0.600 0.100 0.000
2.410 -0.600 0.100 0.005
2.420 -0.600 0.099 0.010
2.430 -0.597 0.099 0.016
2.440 -0.595 0.098 0.021
2.450 -0.592 0.097 0.026
2.460 -0.590 0.095 0.031
2.470 -0.587 0.093 0.036
2.480 -0.582 0.091 0.041
2.490 -0.577 0.089 0.045
2.500 -0.572 0.087 0.050
2.507 -0.567 0.084 0.054
2.515 -0.562 0.081 0.059
2.522 -0.557 0.078 0.063
2.530 -0.550 0.078 0.063
2.538 -0.542 0.078 0.063
2.545 -0.535 0.078 0.063
2.552 -0.530 0.081 0.059
2.560 -0.525 0.084 0.054
2.567 -0.520 0.087 0.050
2.575 -0.515 0.087 0.050
2.583 -0.510 0.087 0.050
2.590 -0.505 0.087 0.050
2.600 -0.500 0.089 0.045
2.610 -0.495 0.091 0.041
2.620 -0.490 0.091 0.041
2.630 -0.485 0.093 0.036
2.640 -0.480 0.091 0.041
2.650 -0.475 0.093 0.036
2.660 -0.470 0.091 0.041
2.670 -0.465 0.093 0.036
2.680 -0.460 0.091 0.041
2.690 -0.455 0.093 0.036
2.700 -0.450 0.091 0.041
2.710 -0.445 0.093 0.036
2.720 -0.440 0.091 0.041
2.730 -0.435 0.093 0.036
2.740 -0.430 0.091 0.041
2.750 -0.425 0.093 0.036
2.760 -0.420 0.091 0.041
2.770 -0.415 0.093 0.036
2.780 -0.410 0.091 0.041
2.790 -0.405 0.093 0.036
2.800 -0.400 0.091 0.041
2.810 -0.395 0.093 0.036
2.820 -0.390 0.091 0.041
2.830 -0.385 0.093 0.036
2.840 -0.380 0.091 0.041
2.850 -0.375 0.093 0.036
2.860 -0.370 0.091 0.041
2.870 -0.365 0.093 0.036
2.880 -0.360 0.091 0.041
2.890 -0.355 0.093 0.036
2.900 -0.350 0.091 0.041
2.910 -0.345 0.093 0.036
2.920 -0.340 0.091 0.041
2.930 -0.335 0.093 0.036
2.940 -0.330 0.091 0.041
2.950 -0.325 0.093 0.036
2.960 -0.320 0.091 0.041
2.970 -0.315 0.093 0.036
2.980 -0.310 0.091 0.041
2.990 -0.305 0.093 0.036
3.000 -0.300 0.091 0.041
3.010 -0.295 0.093 0.036
3.020 -0.290 0.091 0.041
3.030 -0.285 0.093 0.036
3.040 -0.280 0.091 0.041
3.050 -0.275 0.093 0.036
3.060 -0.270 0.091 0.041
3.070 -0.265 0.093 0.036
3.080 -0.260 0.091 0.041
3.090 -0.255 0.093 0.036
3.100 -0.250 0.091 0.041
3.110 -0.245 0.093 0.036
3.120 -0.240 0.091 0.041
3.130 -0.235 0.093 0.036
3.140 -0.230 0.091 0.041
3.150 -0.225 0.093 0.036
3.160 -0.220 0.091 0.041
3.170 -0.215 0.093 0.036
3.180 -0.210 0.091 0.041
3.190 -0.205 0.093 0.036
3.200 -0.200 0.091 0.041
3.210 -0.195 0.093 0.036
3.220 -0.190 0.091 0.041
3.230 -0.185 0.093 0.036
3.240 -0.180 0.091 0.041
3.250 -0.175 0.093 0.036
3.260 -0.170 0.091 0.041
3.270 -0.165 0.093 0.036
3.280 -0.160 0.091 0.041
3.290 -0.155 0.093 0.036
3.300 -0.150 0.091 0.041
3.310 -0.145 0.093 0.036
3.320 -0.140 0.091 0.041
3.330 -0.135 0.093 0.036
3.340 -0.130 0.091 0.041
3.350 -0.125 0.093 0.036
3.360 -0.120 0.091 0.041
3.370 -0.115 0.093 0.036
3.380 -0.110 0.091 0.041
3.390 -0.105 0.093 0.036
3.400 -0.100 0.091 0.041
3.410 -0.095 0.093 0.036
3.420 -0.090 0.091 0.041
3.430 -0.085 0.093 0.036
3.440 -0.080 0.091 0.041
3.450 -0.075 0.093 0.036
3.460 -0.070 0.091 0.041
3.470 -0.065 0.093 0.036
3.480 -0.060 0.091 0.041
3.490 -0.055 0.093 0.036
3.500 -0.050 0.091 0.041
3.510 -0.045 0.093 0.036
3.520 -0.040 0.091 0.041
3.530 -0.035 0.093 0.036
3.540 -0.030 0.091 0.041
3.550 -0.025 0.093 0.036
3.560 -0.020 0.091 0.041
3.570 -0.015 0.093 0.036
3.580 -0.010 0.091 0.041
3.590 -0.005 0.089 0.045
3.600 0.000 0.087 0.050
