-2.485 -0.000 0.100 -90.000
-2.485 -0.010 0.100 -87.000
-2.485 -0.020 0.100 -84.000
-2.485 -0.030 0.100 -81.000
-2.485 -0.040 0.100 -78.000
-2.485 -0.050 0.100 -75.000
-2.485 -0.060 0.100 -72.000
-2.485 -0.070 0.100 -69.000
-2.485 -0.080 0.100 -66.000
-2.485 -0.090 0.100 -63.000
-2.485 -0.100 0.100 -60.000
-2.475 -0.110 0.100 -57.000
-2.465 -0.120 0.100 -60.000
-2.455 -0.130 0.100 -60.000
-2.445 -0.140 0.100 -57.000
-2.435 -0.150 0.100 -60.000
-2.425 -0.160 0.100 -57.000
-2.415 -0.170 0.100 -60.000
-2.405 -0.180 0.100 -57.000
-2.395 -0.190 0.100 -60.000
-2.385 -0.200 0.100 -57.000
-2.375 -0.210 0.100 -60.000
-2.365 -0.220 0.100 -57.000
-2.355 -0.230 0.100 -60.000
-2.345 -0.240 0.100 -60.000
-2.335 -0.250 0.100 -60.000
-2.325 -0.260 0.100 -60.000
-2.315 -0.270 0.100 -57.000
-2.305 -0.280 0.100 -60.000
-2.295 -0.290 0.100 -57.000
-2.285 -0.300 0.100 -60.000
-2.275 -0.310 0.100 -57.000
-2.265 -0.320 0.100 -60.000
-2.255 -0.330 0.100 -57.000
-2.245 -0.340 0.100 -60.000
-2.235 -0.350 0.100 -57.000
-2.225 -0.360 0.100 -60.000
-2.215 -0.370 0.100 -57.000
-2.205 -0.380 0.100 -60.000
-2.195 -0.390 0.100 -57.000
-2.185 -0.400 0.100 -60.000
-2.175 -0.410 0.100 -57.000
-2.165 -0.420 0.100 -60.000
-2.155 -0.430 0.100 -57.000
-2.145 -0.440 0.100 -60.000
-2.135 -0.450 0.100 -57.000
-2.125 -0.460 0.100 -60.000
-2.115 -0.470 0.100 -57.000
-2.105 -0.480 0.100 -60.000
-2.095 -0.490 0.100 -60.000
-2.085 -0.500 0.100 -60.000
-2.075 -0.510 0.100 -60.000
-2.065 -0.520 0.100 -57.000
-2.055 -0.530 0.100 -60.000
-2.045 -0.540 0.100 -57.000
-2.035 -0.550 0.100 -60.000
-2.025 -0.560 0.100 -57.000
-2.015 -0.570 0.100 -60.000
-2.005 -0.580 0.100 -57.000
-1.995 -0.590 0.100 -60.000
-1.985 -0.600 0.100 -57.000
-1.975 -0.610 0.100 -60.000
-1.965 -0.620 0.100 -57.000
-1.955 -0.630 0.100 -60.000
-1.945 -0.640 0.100 -57.000
-1.935 -0.650 0.100 -60.000
-1.925 -0.660 0.100 -57.000
-1.915 -0.670 0.100 -60.000
-1.905 -0.680 0.100 -57.000
-1.895 -0.690 0.100 -60.000
-1.885 -0.700 0.100 -57.000
-1.875 -0.710 0.100 -60.000
-1.865 -0.720 0.100 -57.000
-1.855 -0.730 0.100 -57.000
-1.845 -0.740 0.100 -54.000
-1.835 -0.750 0.100 -51.000
-1.825 -0.760 0.100 -48.000
-1.815 -0.770 0.100 -45.000
-1.805 -0.780 0.100 -42.000
-1.795 -0.790 0.100 -39.000
-1.785 -0.800 0.100 -36.000
-1.775 -0.810 0.100 -33.000
-1.765 -0.820 0.100 -30.000
-1.755 -0.820 0.100 -27.000
-1.745 -0.820 0.100 -24.000
-1.735 -0.820 0.100 -21.000
-1.725 -0.820 0.100 -18.000
-1.715 -0.820 0.100 -15.000
-1.705 -0.820 0.100 -12.000
-1.695 -0.820 0.100 -9.000
-1.685 -0.820 0.100 -6.000
-1.675 -0.820 0.100 -3.000
-1.665 -0.820 0.100 0.000
-1.655 -0.820 0.100 3.000
-1.645 -0.820 0.100 6.000
-1.635 -0.820 0.100 9.000
-1.625 -0.820 0.100 12.000
-1.615 -0.820 0.100 15.000
-1.605 -0.820 0.100 18.000
-1.595 -0.820 0.100 21.000
-1.585 -0.820 0.100 24.000
-1.575 -0.820 0.100 27.000
-1.565 -0.820 0.100 30.000
-1.555 -0.810 0.100 30.000
-1.545 -0.800 0.100 30.000
-1.535 -0.790 0.100 30.000
-1.525 -0.780 0.100 30.000
-1.515 -0.770 0.100 33.000
-1.505 -0.760 0.100 30.000
-1.495 -0.750 0.100 33.000
-1.485 -0.740 0.100 30.000
-1.475 -0.730 0.100 33.000
-1.465 -0.720 0.100 30.000
-1.455 -0.710 0.100 30.000
-1.445 -0.700 0.100 30.000
-1.435 -0.690 0.100 30.000
-1.425 -0.680 0.100 30.000
-1.415 -0.670 0.100 30.000
-1.405 -0.660 0.100 30.000
-1.395 -0.650 0.100 30.000
-1.385 -0.640 0.100 30.000
-1.375 -0.630 0.100 30.000
-1.365 -0.620 0.100 30.000
-1.355 -0.610 0.100 33.000
-1.345 -0.600 0.100 30.000
-1.335 -0.600 0.100 27.000
-1.325 -0.600 0.100 24.000
-1.315 -0.600 0.100 21.000
-1.305 -0.600 0.100 18.000
-1.295 -0.600 0.100 15.000
-1.285 -0.600 0.100 12.000
-1.275 -0.600 0.100 9.000
-1.265 -0.600 0.100 6.000
-1.255 -0.600 0.100 3.000
-1.245 -0.600 0.100 0.000
