0.125 -0.217 -0.433 -0.025 0.043 0.087
0.217 -0.125 -0.433 -0.043 0.025 0.087
0.250 0.000 -0.433 -0.050 -0.000 0.087
0.217 0.125 -0.433 -0.043 -0.025 0.087
0.125 0.217 -0.433 -0.025 -0.043 0.087
0.217 -0.375 -0.250 -0.043 0.075 0.050
0.375 -0.217 -0.250 -0.075 0.043 0.050
0.433 0.000 -0.250 -0.087 -0.000 0.050
0.375 0.217 -0.250 -0.075 -0.043 0.050
0.217 0.375 -0.250 -0.043 -0.075 0.050
0.250 -0.433 0.000 -0.050 0.087 -0.000
0.433 -0.250 0.000 -0.087 0.050 -0.000
0.500 0.000 0.000 -0.100 -0.000 -0.000
0.433 0.250 0.000 -0.087 -0.050 -0.000
0.250 0.433 0.000 -0.050 -0.087 -0.000
0.217 -0.375 0.250 -0.043 0.075 -0.050
0.375 -0.217 0.250 -0.075 0.043 -0.050
0.433 0.000 0.250 -0.087 -0.000 -0.050
0.375 0.217 0.250 -0.075 -0.043 -0.050
0.217 0.375 0.250 -0.043 -0.075 -0.050
0.125 -0.217 0.433 -0.025 0.043 -0.087
0.217 -0.125 0.433 -0.043 0.025 -0.087
0.250 0.000 0.433 -0.050 -0.000 -0.087
0.217 0.125 0.433 -0.043 -0.025 -0.087
0.125 0.217 0.433 -0.025 -0.043 -0.087



0.250 -0.433 -0.866 -0.025 0.043 0.087
0.433 -0.250 -0.866 -0.043 0.025 0.087
0.500 0.000 -0.866 -0.050 -0.000 0.087
0.433 0.250 -0.866 -0.043 -0.025 0.087
0.250 0.433 -0.866 -0.025 -0.043 0.087
0.433 -0.750 -0.500 -0.043 0.075 0.050
0.750 -0.433 -0.500 -0.075 0.043 0.050
0.866 0.000 -0.500 -0.087 -0.000 0.050
0.750 0.433 -0.500 -0.075 -0.043 0.050
0.433 0.750 -0.500 -0.043 -0.075 0.050
0.500 -0.866 0.000 -0.050 0.087 -0.000
0.866 -0.500 0.000 -0.087 0.050 -0.000
1.000 0.000 0.000 -0.100 -0.000 -0.000
0.866 0.500 0.000 -0.087 -0.050 -0.000
0.500 0.866 0.000 -0.050 -0.087 -0.000
0.433 -0.750 0.500 -0.043 0.075 -0.050
0.750 -0.433 0.500 -0.075 0.043 -0.050
0.866 0.000 0.500 -0.087 -0.000 -0.050
0.750 0.433 0.500 -0.075 -0.043 -0.050
0.433 0.750 0.500 -0.043 -0.075 -0.050
0.250 -0.433 0.866 -0.025 0.043 -0.087
0.433 -0.250 0.866 -0.043 0.025 -0.087
0.500 0.000 0.866 -0.050 -0.000 -0.087
0.433 0.250 0.866 -0.043 -0.025 -0.087
0.250 0.433 0.866 -0.025 -0.043 -0.087



0.375 -0.650 -1.299 -0.025 0.043 0.087
0.650 -0.375 -1.299 -0.043 0.025 0.087
0.750 0.000 -1.299 -0.050 -0.000 0.087
0.650 0.375 -1.299 -0.043 -0.025 0.087
0.375 0.650 -1.299 -0.025 -0.043 0.087
0.650 -1.125 -0.750 -0.043 0.075 0.050
1.125 -0.650 -0.750 -0.075 0.043 0.050
1.299 0.000 -0.750 -0.087 -0.000 0.050
1.125 0.650 -0.750 -0.075 -0.043 0.050
0.650 1.125 -0.750 -0.043 -0.075 0.050
0.750 -1.299 0.000 -0.050 0.087 -0.000
1.299 -0.750 0.000 -0.087 0.050 -0.000
1.500 0.000 0.000 -0.100 -0.000 -0.000
1.299 0.750 0.000 -0.087 -0.050 -0.000
0.750 1.299 0.000 -0.050 -0.087 -0.000
0.650 -1.125 0.750 -0.043 0.075 -0.050
1.125 -0.650 0.750 -0.075 0.043 -0.050
1.299 0.000 0.750 -0.087 -0.000 -0.050
1.125 0.650 0.750 -0.075 -0.043 -0.050
0.650 1.125 0.750 -0.043 -0.075 -0.050
0.375 -0.650 1.299 -0.025 0.043 -0.087
0.650 -0.375 1.299 -0.043 0.025 -0.087
0.750 0.000 1.299 -0.050 -0.000 -0.087
0.650 0.375 1.299 -0.043 -0.025 -0.087
0.375 0.650 1.299 -0.025 -0.043 -0.087



